# From gr_att48
# - With n = 48 we have m = 48*47/2 = 1128
# - Removed vertex 48
# - With n = 47 we have m = 47*46/2 = 1081
# - Duplicate edges: now are arcs
# - Update number of arcs: 2162
# - Made d = 1
# - Made C = 550
# - Made k = 23
# - Generate 46 random numbers: from 2 to 47, starts and terminates of items
# - Random generate weights in range (1,100)
# - Remove unnecessary spaces
# - Rename file to gr_att47_lpd
# - Randomly remove 102 arcs
# - Update number of arcs: m = 2060
# - Randomly change some weights
# - Made C = 720
47  2060
1 6734 1453
2 2233 10
3 5530 1424
4 401 841
5 3082 1644
6 7608 4458
7 7573 3716
8 7265 1268
9 6898 1885
10 1112 2049
11 5468 2606
12 5989 2873
13 4706 2674
14 4612 2035
15 6347 2683
16 6107 669
17 7611 5184
18 7462 3590
19 7732 4723
20 5900 3561
21 4483 3369
22 6101 1110
23 5199 2182
24 1633 2809
25 4307 2322
26 675 1006
27 7555 4819
28 7541 3981
29 3177 756
30 7352 4506
31 7545 2801
32 3245 3305
33 6426 3173
34 4608 1198
35 23 2216
36 7248 3779
37 7762 4595
38 7392 2244
39 3484 2829
40 6271 2135
41 4985 140
42 1916 1569
43 7280 4899
44 7509 3239
45 10 2676
46 6807 2993
47 5185 3258
24 25 860
24 26 646
24 28 1905
24 29 813
24 30 1887
24 31 1870
24 32 534
24 33 1521
24 34 1070
24 35 543
24 36 1802
24 37 2019
24 38 1830
24 39 586
24 40 1483
24 41 1355
24 42 403
24 43 1905
24 44 1864
24 45 515
24 46 1638
24 47 1133
23 47 341
23 46 570
23 45 1649
23 44 804
23 43 1083
23 42 1057
23 40 340
23 39 580
23 38 694
23 37 1114
23 36 822
23 35 1637
23 34 363
23 33 499
23 32 713
23 31 768
23 30 1002
23 29 783
23 28 934
23 27 1119
23 26 1479
23 25 286
23 24 1145
25 26 1222
25 27 1296
25 28 1150
25 29 611
25 30 1185
25 31 1036
25 32 458
25 33 723
25 34 3
25 35 1356
25 36 1038
25 37 1308
25 38 976
25 39 306
25 40 624
25 41 723
25 42 793
25 43 1245
25 44 1054
25 45 1364
25 46 819
25 47 406
22 47 739
22 35 1954
22 34 473
22 33 661
22 32 1140
22 31 704
22 30 1145
22 29 932
22 28 1016
22 27 1260
22 26 1717
22 25 685
22 24 1512
22 23 444
26 27 2488
26 28 2367
26 29 796
26 30 2384
26 31 2246
26 32 1091
26 33 1944
26 34 1246
26 35 435
26 36 2256
26 37 2513
26 38 2160
26 39 1059
26 40 1806
26 41 1391
21 47 225
21 46 745
21 45 1432
21 44 958
21 43 1009
21 42 992
21 41 1034
21 40 688
21 39 360
21 38 987
21 37 1108
21 36 884
21 35 1457
21 34 688
21 33 618
21 32 393
21 31 985
21 30 976
21 29 924
21 28 987
21 27 1075
21 26 1418
21 25 336
21 24 919
21 23 439
21 22 8
27 28 266
27 29 1889
27 30 118
27 31 639
27 32 1445
27 33 632
27 34 1477
27 36 343
27 37 97
27 38 816
27 39 1433
27 40 941
27 41 1689
27 42 2059
27 43 91
27 44 500
27 45 2481
27 46 625
27 47 898
20 47 246
20 46 339
20 45 1884
20 44 519
20 43 608
20 42 1409
20 41 1120
20 40 466
20 39 799
20 38 630
20 37 674
20 36 432
20 35 1907
20 34 852
20 33 207
20 32 844
20 31 574
20 30 548
20 29 1237
20 28 536
20 27 658
28 33 436
28 34 1279
28 41 1459
28 42 1936
28 43 302
28 44 235
28 45 2418
28 46 390
28 47 780
19 47 930
19 46 621
19 45 2527
19 44 475
19 43 154
19 42 2093
19 41 1690
19 40 940
19 39 1471
19 38 792
19 37 42
19 36 336
19 35 2564
19 34 1490
19 33 641
19 32 1489
19 31 611
19 30 139
19 29 1
19 27 64
19 26 2523
19 25 1323
19 24 2022
19 23 1135
19 22 1254
19 21 1114
19 20 687
29 30 1775
29 31 1526
29 32 807
29 33 1281
29 34 474
29 35 1100
29 36 1604
29 37 1892
29 38 1414
29 39 663
29 40 1072
29 41 605
29 42 475
29 43 1844
29 44 1579
29 45 1172
29 46 1349
29 47 1015
18 47 728
18 46 281
18 45 2375
18 44 112
18 43 418
18 42 1867
18 41 1344
18 30 2921
18 29 1625
18 28 127
18 27 390
18 26 2297
18 25 1076
18 24 1860
18 23 843
18 22 895
18 21 945
18 20 495
18 19 369
30 31 543
30 32 1354
30 33 514
30 34 1360
30 35 2429
30 36 233
30 37 133
30 38 716
30 39 1334
30 40 825
30 41 1571
30 42 1954
30 43 127
30 44 404
30 45 2393
30 46 509
30 47 791
17 47 980
17 46 739
17 45 2532
17 44 616
17 43 139
17 41 1799
17 40 1054
17 39 1503
17 38 933
17 37 193
17 36 459
17 35 2577
17 34 1579
17 33 739
17 32 1504
17 31 754
17 30 230
17 29 1982
17 28 382
17 27 117
17 26 2561
17 25 1383
17 24 2035
17 23 1218
17 22 1374
17 21 1144
17 20 746
17 19 151
17 18 507
31 32 1370
31 33 373
31 34 1059
31 35 2386
31 36 324
31 37 572
31 38 183
31 39 1285
31 40 455
16 44 926
16 43 1
16 42 1356
16 41 393
16 40 467
16 39 1075
16 38 643
16 37 1348
16 36 1048
16 35 1986
16 34 503
16 33 799
16 32 1231
16 31 814
16 30 1276
16 29 927
16 28 1142
16 27 1390
16 26 1722
16 25 773
16 24 1569
16 23 558
16 22 140
16 21 997
16 20 917
16 19 1382
16 18 1019
16 17 1505
32 33 1007
32 34 794
32 35 1076
32 36 1275
32 37 1486
32 38 1354
32 40 1026
32 41 1143
32 42 692
32 43 1372
32 44 1349
32 45 1043
32 46 1131
32 47 614
15 47 410
15 46 176
15 45 2004
15 44 408
15 43 761
15 42 1445
15 41 913
15 40 175
15 39 907
15 38 359
15 37 753
15 36 449
15 35 2006
15 34 724
15 33 157
15 32 1001
15 31 381
15 30 659
15 29 1174
15 28 558
15 27 776
15 26 1871
15 25 656
15 24 1492
15 23 397
33 37 618
33 38 424
33 39 9
33 40 332
33 41 1062
33 42 1514
33 43 609
33 44 344
33 45 2035
33 46 134
33 47 394
14 47 428
14 46 758
14 45 1470
14 44 993
14 43 1238
14 42 866
14 41 611
14 40 526
14 39 437
14 38 882
14 37 1284
14 36 1000
14 35 1453
14 34 265
14 33 678
14 32 591
14 31 959
14 30 1167
14 29 608
14 28 1113
14 27 1282
14 26 1287
14 25 133
14 23 192
14 22 555
14 21 7
14 20 632
14 19 1303
14 18 1027
14 17 1376
14 16 641
14 15 586
34 35 1486
34 36 1168
34 37 1466
34 38 941
34 39 627
34 40 604
34 41 356
34 42 860
34 43 1444
34 44 1122
34 45 1528
34 46 898
34 47 677
13 47 239
13 46 673
13 45 1486
13 44 905
13 43 1076
13 42 949
13 41 807
13 40 524
13 39 390
13 38 861
13 37 1142
13 36 877
13 35 1488
13 34 468
13 33 567
13 32 504
13 31 899
13 30 1018
13 29 776
13 28 988
13 27 1128
13 26 1380
13 25 169
13 24 973
13 23 221
13 22 663
13 21 231
13 20 471
13 19 1156
13 18 919
13 17 1215
13 16 774
13 15 519
13 14 205
35 36 2338
35 37 2561
35 38 2331
35 39 1112
35 40 1976
35 41 1701
35 42 633
35 43 2447
35 44 2390
35 45 146
35 46 2160
12 37 782
12 36 491
12 35 1899
12 34 1700
12 33 168
12 32 879
12 31 493
12 30 673
12 29 1114
12 28 604
12 27 790
12 26 1782
12 25 560
12 24 1378
12 23 332
12 22 559
12 21 502
12 20 220
12 19 804
12 18 519
12 17 893
12 16 698
12 15 129
12 14 510
12 13 411
36 37 305
36 38 488
36 39 1228
36 40 605
36 41 1356
36 42 1826
36 43 355
36 44 190
36 45 2316
36 46 286
36 47 673
11 47 225
11 46 441
11 45 1727
11 44 676
11 43 925
11 42 1171
11 41 795
11 40 295
11 39 632
11 38 620
11 37 961
11 36 675
11 35 1727
11 34 522
11 33 353
11 32 737
11 31 660
11 30 847
11 29 932
11 28 787
11 27 962
11 26 1598
11 25 378
11 24 1215
11 23 159
11 22 514
11 21 395
11 20 332
11 19 981
11 18 704
11 17 1061
37 44 437
37 45 2526
37 46 590
37 47 919
10 47 13
10 46 1826
10 45 401
10 44 2058
10 43 2149
10 42 297
10 41 1366
10 40 1632
10 39 790
10 38 1987
10 37 2252
10 36 2017
10 35 349
10 34 1138
10 33 1718
10 32 783
10 31 2049
10 30 2121
10 29 771
10 28 2123
10 27 2218
10 26 358
10 25 1015
10 24 292
10 23 1294
10 22 1606
10 21 1145
10 20 1588
10 19 2258
10 18 2067
10 17 2282
10 16 1639
10 15 1668
10 14 1107
10 13 1154
10 12 1565
10 11 1389
38 39 1250
38 40 357
38 41 1011
38 42 1745
38 43 841
38 44 317
38 45 2339
38 46 301
38 47 769
 9 47 695
 9 46 352
 9 45 2193
 9 44 470
 9 43 961
 9 42 1579
 9 41 819
 9 40 214
 9 39 1121
 9 38 194
 9 37 900
 9 36 610
 9 35 2177
 9 34 757
 9 33 434
 9 32 1240
 9 31 355
 9 20 617
 9 19 936
 9 18 568
 9 17 1068
 9 16 459
 9 15 30
 9 14 725
 9 13 737
 9 12 425
 9 11 507
 9 10 1831
39 40 909
39 41 974
39 42 637
39 43 1368
39 44 1280
39 45 1100
39 46 1053
39 47 555
 8 47 911
 8 46 565
 8 45 2338
 8 44 629
 8 43 1149
 8 42 1695
 8 41 805
 8 40 418
 8 39 1294
 8 38 312
 8 37 1064
 8 36 795
 8 35 2310
 8 34 841
 8 33 659
 8 32 1426
 8 31 493
 8 30 1025
 8 29 1303
 8 28 863
 8 27 11
 8 26 2086
 8 25 994
 8 24 1847
 8 23 715
 8 22 372
 8 21 1103
 8 20 844
 8 19 1103
 8 18 737
 8 17 1244
 8 16 413
 8 15 534
 8 14 874
 8 13 924
 8 12 649
 8 11 709
 8 10 1962
 8  9 228
40 41 751
40 42 1389
40 43 931
40 44 525
40 45 1988
40 46 320
40 47 495
 7 47 769
 7 46 334
 7 45 2415
 7 44 153
 7 43 386
 7 42 1914
 7 41 1396
 7 40 648
 7 39 13
 7 38 469
 7 37 285
 7 36 105
 7 35 2435
 7 34 1231
 7 33 402
 7 32 1375
 7 31 290
 7 30 260
 7 29 1676
 7 28 85
 7 27 349
 7 26 2344
 7 25 1123
 7 24 1901
 7 23 894
 7 22 947
 7 21 984
 7 20 532
 7 19 323
 7 18 54
 7 17 465
 7 16 1070
 7 15 507
 7 14 1077
 7 13 965
 7 12 568
 7 11 753
 7 10 2111
 7  9 618
 7  8 781
41 42 1071
41 43 1671
41 44 1264
41 45 1766
41 46 1071
41 47 989
 6 47 856
 6 46 528
 6 45 2468
 6 44 387
 6 43 174
 6 42 2019
 6 41 1598
 6 40 848
 6 39 1403
 6 38 704
 6 37 66
 6 36 244
 6 35 2502
 6 34 1401
 6 33 553
 6 32 1428
 6 31 525
 6 30 83
 6 29 1826
 6 28 153
 6 27 116
 6 26 2450
 6 25 1244
 6 24 1961
 6 23 1049
 6 22 1162
 6 21 1047
 6 20 611
 6 19 93
 6 18 279
 6 17 23
 6 16 1289
 6 15 689
 6 14 1219
 6 13 1078
 6 12 717
 6 11 895
 6 10 2191
 6  9 845
 6  8 1015
 6  7 235
42 43 1997
42 44 1846
42 45 698
42 46 1611
42 47 1164
 5 47 839
 5 46 1253
 5 45 1025
 5 44 1489
 5 43 1680
 5 42 370
 5 41 768
 5 40 1021
 5 39 396
 5 38 1377
 5 37 1750
 5 36 1481
 5 35 985
 5 34 503
 5 33 1163
 5 32 528
 5 31 1458
 5 30 1626
 5 29 283
 5 28 1592
 5 27 1735
 5 26 788
 5 25 443
 5 24 588
 5 23 691
 5 22 970
 5 21 703
 5 20 1078
 5 19 1764
 5 18 1516
 5 17 1818
 5 16 1006
 5 15 1084
 5 14 500
 5 13 609
 5 12 999
 5 11 814
 5 10 636
 5  9 1210
 5  8 1329
 5  7 1565
 5  6 1686
43 44 530
43 45 2405
43 46 622
43 47 842
 4 47 1695
 4 46 2138
 4 45 594
 4 44 2373
 4 43 2526
 4 42 532
 4 41 67
 4 40 1901
 4 39 1161
 4 38 2255
 4 37 2613
 4 36 2357
 4 35 451
 4 34 1336
 4 33 2044
 4 32 1190
 4 31 2343
 4 30 2485
 4 29 879
 4 28 2467
 4 27 2589
 4 26 102
 4 25 1321
 4 24 735
 4 23 1576
 4 22 1805
 4 21 1519
 4 20 1941
 4 19 2624
 4 18 2397
 4 17 2662
 4 16 1806
 4 15 1969
 4 14 1385
 4 13 1480
 4 12 1881
 4 11 1697
 4 10 444
 4  9 2081
 4  8 2175
 4  7 44
 4  6 2550
 4  5 886
44 45 2379
44 46 236
44 47 735
 3 47 591
 3 46 640
 3 45 1790
 3 44 850
 3 43 1231
 3 42 1144
 3 41 442
 3 40 325
 3 39 785
 3 38 644
 3 37 1227
 3 36 922
 3 35 1760
 3 34 301
 3 33 622
 3 32 936
 3 31 772
 3 30 1133
 3 29 774
 3 28 1029
 3 27 1251
 3 26 1541
 3 25 480
 3 24 1308
 3 23 262
 3 22 207
 3 21 699
 3 20 686
 3 19 55
 3 18 918
 3 17 1359
 3 16 301
 3 15 475
 3 14 349
 3 13 474
 3 12 481
 3 11 375
 3 10 1412
 3  9 457
 3  8 551
 3  7 971
 3  6 1163
 3  5 778
 3  4 1633
45 46 2152
45 47 1647
 2 47 1388
 2 46 1727
 2 45 1098
 2 44 1957
 2 43 2223
 2 42 504
 2 41 872
 2 40 1443
 2 39 976
 2 38 1778
 2 37 2272
 2 36 1984
 2 35 988
 2 34 840
 2 33 1661
 2 32 1091
 2 31 9
 2 30 2155
 2 29 381
 2 28 2097
 2 27 2269
 2 26 585
 2 25 983
 2 24 906
 2 23 1163
 2 22 1272
 2 21 1279
 2 20 1615
 2 19 2291
 2 18 2004
 2 17 2360
 2 16 1243
 2 15 1552
 2 14 988
 2 13 1150
 2 12 1494
 2 11 1312
 2 10 736
 2  9 1590
 2  8 1641
 2  7 2056
 2  6 2207
 2  5 583
 2  4 637
 2  3 1135
46 47 520
 1 47 753
 1 46 488
 1 45 2162
 1 44 616
 1 43 45
 1 42 1525
 1 41 692
 1 40 261
 1 39 1117
 1 38 326
 1 37 1046
 1 36 754
 1 35 2136
 1 34 678
 1 33 553
 1 32 1250
 1 31 498
 1 30 986
 1 29 1147
 1 28 840
 1 27 1096
 1 26 1922
 1 25 816
 1 24 1670
 1 23 538
 1 22 228
 1 21 935
 1 20 717
 1 19 1082
 1 18 714
 1 17 1213
 1 16 318
 1 15 408
 1 14 696
 1 13 749
 1 12 508
 1 11 542
 1 10 1788
 1  9 147
 1  8 178
 1  7 764
 1  6 990
 1  5 1157
 1  4 2012
 1  3 381
 1  2 1495
25 24 860
26 24 646
27 24 1978
28 24 1905
29 24 813
30 24 1887
31 24 1870
32 24 534
33 24 1521
34 24 1070
35 24 543
36 24 1802
37 24 2019
38 24 1830
39 24 586
40 24 1483
41 24 1355
42 24 403
43 24 1905
44 24 1864
45 24 515
46 24 1638
47 24 1133
47 23 341
46 23 570
45 23 1649
44 23 804
43 23 1083
42 23 1057
41 23 650
40 23 340
39 23 580
38 23 694
37 23 1114
36 23 822
35 23 1637
34 23 363
33 23 499
32 23 713
31 23 768
30 23 1002
29 23 783
28 23 934
27 23 1119
26 23 1479
25 23 286
24 23 1145
26 25 1222
27 25 1296
28 25 1150
29 25 611
30 25 1185
31 25 1036
32 25 458
33 25 723
34 25 368
35 25 1356
36 25 1038
37 25 1308
38 25 976
39 25 306
40 25 624
41 25 723
42 25 793
43 25 1245
44 25 1054
45 25 1364
46 25 819
47 25 406
47 22 739
46 22 636
45 22 1989
44 22 808
43 22 1255
42 22 1332
41 22 468
40 22 329
39 22 991
38 22 544
37 22 1221
36 22 919
35 22 1954
34 22 473
33 22 661
32 22 1140
31 22 704
30 22 1145
29 22 932
28 22 1016
27 22 1260
26 22 1717
25 22 685
24 22 1512
23 22 444
27 26 2488
28 26 2367
29 26 796
30 26 2384
31 26 2246
32 26 1091
33 26 1944
34 26 1246
35 26 435
36 26 2256
37 26 2513
38 26 2160
39 26 1059
40 26 1806
41 26 1391
42 26 431
43 26 2425
44 26 2274
45 26 569
46 26 2039
47 26 1595
47 21 225
46 21 745
45 21 1432
44 21 958
43 21 1009
42 21 992
41 21 1034
40 21 688
39 21 360
38 21 987
37 21 1108
36 21 884
35 21 1457
34 21 68
33 21 618
32 21 39
31 21 985
30 21 97
29 21 924
28 21 987
27 21 1075
26 21 1418
25 21 336
24 21 919
23 21 439
22 21 879
28 27 266
29 27 1889
30 27 118
31 27 639
32 27 1445
33 27 632
34 27 1477
35 27 2521
36 27 343
37 27 97
38 27 816
39 27 1433
40 27 941
41 27 1689
42 27 2059
43 27 91
44 27 500
45 27 2481
46 27 625
47 27 898
47 20 246
46 20 339
45 20 1884
44 20 519
43 20 608
42 20 1409
41 20 1120
40 20 466
39 20 799
38 20 630
37 20 674
36 20 432
35 20 1907
34 20 852
33 20 207
32 20 844
31 20 574
30 20 548
29 20 1237
28 20 536
27 20 658
26 20 1840
25 20 639
24 20 1371
23 20 490
22 20 778
21 20 453
29 28 1716
30 28 177
31 28 374
32 28 1376
33 28 436
34 28 1279
35 28 2443
36 28 113
37 28 207
38 28 552
39 28 1334
40 28 709
41 28 14
42 28 1936
43 28 302
44 28 235
45 28 2418
46 28 390
47 28 780
47 19 930
46 19 621
45 19 2527
44 19 475
43 19 154
42 19 2093
41 19 1690
40 19 940
39 19 1471
38 19 792
37 19 42
36 19 336
35 19 2564
34 19 1490
33 19 641
32 19 1489
31 19 611
30 19 139
29 19 1911
28 19 243
27 19 64
26 19 2523
25 19 1323
24 19 2022
23 19 1135
22 19 1254
21 19 1114
20 19 687
30 29 1775
31 29 1526
32 29 807
33 29 1281
34 29 474
35 29 1100
36 29 1604
37 29 1892
38 29 1414
39 29 663
40 29 1072
41 29 605
42 29 475
43 29 1844
44 29 1579
45 29 1172
46 29 1349
47 29 1015
47 18 728
46 18 281
45 18 2375
44 18 112
43 18 418
42 18 1867
41 18 1344
40 18 595
39 18 1281
38 18 427
37 18 332
36 18 91
35 18 2393
34 18 1178
33 18 354
32 18 13
31 18 251
30 18 292
29 18 1625
28 18 127
27 18 390
26 18 2297
25 18 1076
24 18 1860
23 18 843
22 18 895
21 18 945
20 18 495
19 18 369
31 30 543
32 30 1354
33 30 514
34 30 1360
35 30 2429
36 30 233
37 30 133
38 30 716
39 30 1334
40 30 825
41 30 1571
42 30 1954
43 30 127
44 30 404
45 30 2393
46 30 509
47 30 791
47 17 980
46 17 739
45 17 2532
44 17 616
43 17 139
42 17 2134
41 17 1799
40 17 1054
39 17 1503
38 17 933
37 17 193
36 17 459
35 17 2577
34 17 1579
33 17 739
32 17 1504
31 17 754
30 17 230
29 17 1982
28 17 382
27 17 117
26 17 2561
25 17 1383
24 17 2035
23 17 1218
22 17 1374
21 17 1144
20 17 746
19 17 151
18 17 507
32 31 1370
33 31 373
34 31 1059
35 31 2386
36 31 324
37 31 572
38 31 183
39 31 85
40 31 455
41 31 1168
42 31 1823
43 31 669
44 31 139
45 31 2384
46 31 242
47 31 761
47 16 870
46 16 768
45 16 2030
44 16 926
43 16 1389
42 16 1356
41 16 393
40 16 467
39 16 1075
38 16 643
37 16 1348
36 16 1048
35 16 1986
34 16 503
33 16 799
32 16 1231
31 16 814
30 16 1276
29 16 927
28 16 1142
27 16 1390
26 16 1722
25 16 773
24 16 1569
23 16 558
22 16 140
21 16 997
20 16 917
19 16 1382
18 16 1019
17 16 1505
33 32 1007
34 32 794
35 32 1076
36 32 1275
37 32 1486
38 32 1354
39 32 169
40 32 1026
41 32 1143
42 32 692
43 32 1372
44 32 1349
45 32 1043
46 32 1131
47 32 614
47 15 410
46 15 176
45 15 2004
44 15 408
43 15 761
42 15 1445
41 15 913
40 15 175
39 15 907
38 15 359
37 15 753
36 15 449
35 15 2006
34 15 24
33 15 157
32 15 1001
31 15 381
30 15 659
29 15 1174
28 15 558
27 15 776
26 15 1871
25 15 656
24 15 1492
23 15 397
22 15 504
21 15 629
20 15 312
19 15 780
18 15 455
17 15 887
16 15 642
34 33 849
35 33 2048
36 33 323
37 33 618
38 33 424
39 33 937
40 33 332
41 33 1062
42 33 1514
43 33 609
44 33 344
45 33 2035
46 33 134
47 33 394
47 14 428
46 14 758
45 14 1470
44 14 993
43 14 1238
42 14 866
41 14 611
40 14 526
39 14 437
38 14 882
37 14 1284
36 14 1000
35 14 1453
34 14 265
33 14 678
32 14 591
31 14 959
30 14 1167
29 14 608
28 14 1113
27 14 1282
26 14 1287
25 14 133
24 14 974
23 14 192
22 14 555
21 14 424
20 14 632
19 14 1303
18 14 1027
17 14 1376
16 14 641
15 14 586
35 34 1486
36 34 1168
37 34 66
38 34 941
39 34 627
40 34 604
41 34 356
42 34 860
43 34 1444
44 34 1122
45 34 1528
46 34 898
47 34 677
47 13 239
46 13 673
45 13 1486
44 13 905
43 13 1076
42 13 949
41 13 807
40 13 524
39 13 390
38 13 861
37 13 1142
36 13 877
35 13 1488
34 13 468
33 13 567
32 13 504
31 13 899
30 13 1018
29 13 776
28 13 988
27 13 1128
26 13 1380
25 13 169
24 13 973
23 13 221
22 13 663
21 13 231
20 13 471
19 13 1156
18 13 919
17 13 1215
16 13 774
15 13 519
14 13 205
36 35 2338
37 35 2561
38 35 2331
39 35 1112
40 35 1976
41 35 1701
42 35 633
43 35 2447
44 35 2390
45 35 146
46 35 2160
47 35 1666
47 12 282
46 12 262
45 12 1892
44 12 495
43 12 760
42 12 1353
41 12 921
40 12 250
39 12 793
38 12 487
37 12 782
36 12 91
35 12 1899
34 12 687
33 12 168
32 12 879
31 12 493
30 12 673
29 12 1114
28 12 604
27 12 790
26 12 1782
25 12 560
24 12 1378
23 12 332
22 12 559
21 12 502
20 12 220
19 12 804
18 12 519
17 12 893
16 12 698
15 12 129
14 12 510
13 12 411
37 36 305
38 36 488
39 36 1228
40 36 605
41 36 1356
42 36 1826
43 36 355
44 36 190
45 36 2316
46 36 286
47 36 673
47 11 225
46 11 441
45 11 1727
44 11 676
43 11 925
42 11 1171
41 11 795
40 11 295
39 11 632
38 11 620
37 11 961
36 11 675
35 11 1727
34 11 522
33 11 353
32 11 737
31 11 660
30 11 847
29 11 932
28 11 787
27 11 962
26 11 1598
25 11 378
24 11 1215
23 11 159
22 11 514
21 11 395
20 11 332
19 11 981
18 11 704
17 11 1061
16 11 646
15 11 280
14 11 26
13 11 242
12 11 186
38 37 753
39 37 1464
40 37 910
41 37 1661
42 37 2082
43 37 181
44 37 437
45 37 2526
46 37 590
47 37 919
47 10 1344
46 10 1826
45 10 401
44 10 2058
43 10 2149
42 10 297
41 10 1366
40 10 1632
39 10 790
38 10 1987
37 10 2252
36 10 2017
35 10 349
34 10 1138
33 10 1718
32 10 783
31 10 2049
30 10 2121
29 10 771
28 10 2123
27 10 2218
26 10 358
25 10 1015
24 10 292
23 10 1294
22 10 1606
21 10 1145
20 10 1588
19 10 2258
18 10 2067
17 10 2282
16 10 1639
15 10 1668
14 10 1107
13 10 1154
12 10 1565
11 10 1389
39 38 1250
40 38 357
41 38 1011
42 38 1745
43 38 841
44 38 317
45 38 2339
46 38 301
47 38 769
47  9 695
46  9 352
45  9 2193
44  9 470
43  9 961
42  9 1579
41  9 819
40  9 214
39  9 1121
38  9 94
37  9 900
36  9 610
35  9 2177
34  9 757
33  9 434
32  9 1240
31  9 355
30  9 842
29  9 1230
28  9 694
27  9 951
26  9 1988
25  9 831
24  9 1691
23  9 546
22  9 352
21  9 897
20  9 617
19  9 936
18  9 568
17  9 1068
16  9 459
15  9 307
14  9 725
13  9 737
12  9 425
11  9 507
10  9 1831
40 39 909
41 39 974
42 39 637
43 39 1368
44 39 1280
45 39 1100
46 39 1053
47 39 555
47  8 911
46  8 565
45  8 2338
44  8 629
43  8 1149
42  8 1695
41  8 805
40  8 418
39  8 1294
38  8 312
37  8 1064
36  8 795
35  8 2310
34  8 841
33  8 659
32  8 1426
31  8 493
30  8 1025
29  8 1303
28  8 863
27  8 1127
26  8 2086
25  8 994
24  8 1847
23  8 715
22  8 372
21  8 1103
20  8 844
19  8 1103
18  8 737
17  8 1244
16  8 13
15  8 534
14  8 874
13  8 924
12  8 649
11  8 709
10  8 1962
 9  8 228
41 40 751
42 40 1389
43 40 931
44 40 525
45 40 1988
46 40 320
47 40 495
47  7 769
46  7 334
45  7 2415
44  7 153
43  7 386
42  7 1914
41  7 1396
40  7 648
39  7 1324
38  7 469
37  7 285
36  7 105
35  7 2435
34  7 1231
33  7 402
32  7 1375
31  7 290
30  7 260
29  7 1676
28  7 85
27  7 349
26  7 2344
25  7 1123
24  7 1901
23  7 894
22  7 947
21  7 984
20  7 532
19  7 323
18  7 54
17  7 465
16  7 1070
15  7 507
14  7 1077
13  7 965
12  7 568
11  7 753
10  7 2111
 9  7 618
 8  7 781
42 41 1071
43 41 1671
44 41 1264
45 41 1766
46 41 1071
47 41 989
47  6 856
46  6 528
45  6 2468
44  6 387
43  6 174
42  6 2019
41  6 1598
40  6 48
39  6 1403
38  6 704
37  6 66
36  6 244
35  6 2502
34  6 1401
33  6 553
32  6 1428
31  6 525
30  6 83
29  6 1826
28  6 153
27  6 116
26  6 2450
25  6 1244
24  6 1961
23  6 1049
22  6 1162
21  6 1047
20  6 611
19  6 93
18  6 279
17  6 230
16  6 1289
15  6 689
14  6 1219
13  6 1078
12  6 717
11  6 895
10  6 2191
 9  6 845
 8  6 1015
 7  6 235
43 42 1997
44 42 1846
45 42 698
46 42 1611
47 42 1164
47  5 839
46  5 1253
45  5 1025
44  5 1489
43  5 1680
42  5 370
41  5 768
40  5 1021
39  5 396
38  5 1377
37  5 1750
36  5 1481
35  5 985
34  5 503
33  5 1163
32  5 528
31  5 1458
30  5 1626
29  5 283
28  5 1592
27  5 1735
26  5 788
25  5 443
24  5 588
23  5 691
22  5 970
21  5 703
20  5 1078
19  5 1764
18  5 516
17  5 1818
16  5 1006
15  5 1084
14  5 500
13  5 609
12  5 999
11  5 814
10  5 636
 9  5 1210
 8  5 1329
 7  5 1565
 6  5 1686
44 43 530
45 43 2405
46 43 622
47 43 842
47  4 1695
46  4 2138
45  4 594
44  4 2373
43  4 2526
42  4 532
41  4 1467
40  4 1901
39  4 1161
38  4 2255
37  4 2613
36  4 2357
35  4 451
34  4 1336
33  4 2044
32  4 1190
31  4 2343
30  4 2485
29  4 879
28  4 2467
27  4 2589
26  4 102
25  4 1321
24  4 735
23  4 1576
22  4 1805
21  4 1519
20  4 1941
19  4 2624
18  4 2397
17  4 2662
16  4 1806
15  4 1969
14  4 1385
13  4 1480
12  4 1881
11  4 1697
10  4 444
 9  4 2081
 8  4 2175
 7  4 2444
 6  4 2550
 5  4 886
45 44 2379
46 44 236
47 44 735
47  3 591
46  3 640
45  3 1790
44  3 850
43  3 1231
42  3 144
41  3 442
40  3 325
39  3 785
38  3 644
37  3 1227
36  3 922
35  3 1760
34  3 301
33  3 622
32  3 936
31  3 772
30  3 1133
29  3 774
28  3 1029
27  3 1251
26  3 1541
25  3 480
24  3 1308
23  3 262
22  3 207
21  3 699
20  3 686
19  3 1255
18  3 918
17  3 1359
16  3 301
15  3 475
14  3 349
13  3 474
12  3 481
11  3 375
10  3 1412
 9  3 457
 8  3 551
 7  3 971
 6  3 1163
 5  3 778
 4  3 1633
46 45 2152
47 45 1647
47  2 1388
46  2 1727
45  2 1098
44  2 1957
43  2 2223
42  2 504
41  2 872
40  2 1443
39  2 976
38  2 1778
37  2 2272
36  2 1984
35  2 988
34  2 840
33  2 1661
32  2 1091
31  2 1898
30  2 2155
29  2 381
28  2 2097
27  2 2269
26  2 585
25  2 983
24  2 906
23  2 1163
22  2 1272
21  2 1279
20  2 16
19  2 2291
18  2 2004
17  2 2360
16  2 1243
15  2 1552
14  2 988
13  2 1150
12  2 1494
11  2 1312
10  2 736
 9  2 1590
 8  2 1641
 7  2 2056
 6  2 2207
 5  2 583
 4  2 637
 3  2 1135
47 46 520
47  1 753
46  1 488
45  1 2162
44  1 616
43  1 1104
42  1 1525
41  1 692
40  1 261
39  1 1117
38  1 326
37  1 1046
36  1 754
35  1 2136
34  1 678
33  1 553
32  1 12
31  1 498
30  1 986
29  1 1147
28  1 840
27  1 1096
26  1 1922
25  1 1164
24  1 1670
23  1 538
22  1 228
21  1 935
20  1 717
19  1 1082
18  1 714
17  1 1213
16  1 318
15  1 408
14  1 696
13  1 749
12  1 508
11  1 542
10  1 1788
 9  1 147
 8  1 178
 7  1 764
 6  1 990
 5  1 1157
 4  1 2012
 3  1 381
 2  1 1495
1
720
23
39 22 46
16 29  9
32 34 50
 3 26 62
27 15 88
 2  7 88
28  4 72
35 40 58
13 43  6
10 44 99
33 14 71
20 12 61
 9 41 48
38 47 95
23 36 84
31  8 91
19 37 51
30 45 55
42  6 27
25  5  7
24 17 57
46 18 28
21 11 55
