# From gr_berlin52
# - Removed vertex 52
# - Removed edges of vertex 52
# - Changed n = 51 and m = 1275
# - Duplicate edges: now are arcs
# - Update number of arcs: m = 2550
# - Made d = 1
# - Made C = 198.5
# - Made k = 25
# - Generate 50 numbers: starts and terminates of items
# - Manually generate weights
# - Renamed to gr_berlin51_lpd
51 2550
51 1340 725 
50 595 360 
49 605 625 
48 830 610 
47 1170 65 
46 830 485 
45 555 815 
44 700 500 
43 875 920 
42 95 260 
41 475 960 
40 760 650 
39 720 635 
38 795 645 
37 770 610 
36 685 610 
35 685 595 
34 700 580 
33 1150 1160 
32 575 665 
31 420 555 
30 410 250 
29 660 180 
28 1250 400 
27 1320 315 
26 1215 245 
25 975 580 
24 835 625 
23 480 415 
22 520 585 
21 300 465 
20 560 365 
19 510 875 
18 415 635 
17 145 665 
16 725 370 
15 845 680 
14 1530 5 
13 1465 200 
12 1220 580 
11 1605 620 
10 650 1130 
9 580 1175 
8 525 1000 
7 25 230 
6 880 660 
5 845 655 
4 945 685 
3 345 750 
2 25 185 
1 565 575 
26 27 126
26 28 159
26 29 559
26 30 805
26 31 853
26 32 766
26 33 917
26 34 614
26 35 635
26 36 644
26 37 576
26 38 580
26 39 630
26 40 609
26 41 1029
26 42 1120
26 43 756
26 44 575
26 45 872
26 46 454
26 47 186
26 48 531
26 49 719
26 50 631
26 51 496
25 51 393
25 50 439
25 49 373
25 48 148
25 47 551
25 46 173
25 45 481
25 44 286
25 43 354
25 42 936
25 41 628
25 40 226
25 39 261
25 38 191
25 37 207
25 36 292
25 35 290
25 34 275
25 33 606
25 32 409
25 31 556
25 30 654
25 29 509
25 28 329
25 27 435
25 26 412
27 28 110
27 29 674
27 30 912
27 31 931
27 32 823
27 33 862
27 34 674
27 35 694
27 36 700
27 37 624
27 38 620
27 39 680
27 40 653
27 41 1063
27 42 1226
27 43 751
27 44 647
27 45 914
27 46 519
27 47 292
27 48 572
27 49 779
27 50 726
27 51 410
24 51 515
24 50 358
24 49 230
24 48 16
24 47 653
24 46 140
24 45 338
24 44 184
24 43 298
24 42 825
24 41 492
24 40 79
24 39 115
24 38 45
24 37 67
24 36 151
24 35 153
24 34 142
24 33 621
24 32 263
24 31 421
24 30 567
24 29 478
24 28 472
24 27 576
24 26 537
24 25 147
28 29 630
28 30 853
28 31 844
28 32 725
28 33 767
28 34 579
28 35 598
28 36 603
28 37 524
28 38 517
28 39 580
28 40 550
28 41 956
28 42 1163
28 43 641
28 44 559
28 45 809
28 46 429
28 47 344
28 48 470
28 49 683
28 50 656
28 51 337
23 51 914
23 50 127
23 49 244
23 48 401
23 47 774
23 46 357
23 45 407
23 44 236
23 43 641
23 42 415
23 41 545
23 40 366
23 39 326
23 38 390
23 37 349
23 36 283
23 35 273
23 34 275
23 33 1002
23 32 267
23 31 152
23 30 179
23 29 296
23 28 770
23 27 846
23 26 754
23 25 522
23 24 412
29 30 260
29 31 445
29 32 492
29 33 1096
29 34 402
29 35 416
29 36 431
29 37 444
29 38 484
29 39 459
29 40 481
29 41 802
29 42 571
29 43 771
29 44 322
29 45 644
29 46 349
29 47 523
29 48 462
29 49 448
29 50 191
29 51 871
22 51 832
22 50 237
22 49 94
22 48 311
22 47 832
22 46 326
22 45 233
22 44 199
22 43 488
22 42 535
22 41 378
22 40 249
22 39 206
22 38 281
22 37 251
22 36 167
22 35 165
22 34 180
22 33 853
22 32 97
22 31 104
22 30 353
22 29 429
22 28 753
22 27 844
22 26 774
22 25 455
22 24 318
22 23 175
30 31 305
30 32 447
30 33 1173
30 34 439
30 35 441
30 36 453
30 37 509
30 38 552
30 39 494
30 40 532
30 41 713
30 42 315
30 43 816
30 44 383
30 45 583
30 46 481
30 47 782
30 48 553
30 49 423
30 50 215
30 51 1044
21 51 1072
21 50 313
21 49 344
21 48 549
21 47 958
21 46 530
21 45 433
21 44 402
21 43 733
21 42 290
21 41 525
21 40 496
21 39 453
21 38 527
21 37 492
21 36 411
21 35 406
21 34 416
21 33 1098
21 32 340
21 31 150
21 30 242
21 29 459
21 28 952
21 27 1031
21 26 941
21 25 685
21 24 558
21 23 187
21 22 251
31 32 190
31 33 948
31 34 281
31 35 268
31 36 271
31 37 354
31 38 386
31 39 310
31 40 353
31 41 409
31 42 439
31 43 583
31 44 285
31 45 293
31 46 416
31 47 896
31 48 414
31 49 198
31 50 262
31 51 936
20 51 859
20 50 35
20 49 264
20 48 365
20 47 680
20 46 295
20 45 450
20 44 194
20 43 638
20 42 477
20 41 601
20 40 348
20 39 314
20 38 366
20 37 323
20 36 275
20 35 262
20 34 257
20 33 990
20 32 300
20 31 236
20 30 189
20 29 210
20 28 691
20 27 762
20 26 666
20 25 467
20 24 378
20 23 94
20 22 224
20 21 279
32 33 759
32 34 151
32 35 130
32 36 123
32 37 203
32 38 221
32 39 148
32 40 186
32 41 311
32 42 628
32 43 394
32 44 207
32 45 151
32 46 312
32 47 845
32 48 261
32 49 50
32 50 306
32 51 767
19 51 843
19 50 522
19 49 267
19 48 415
19 47 1045
19 46 504
19 45 75
19 44 420
19 43 368
19 42 742
19 41 92
19 40 336
19 39 319
19 38 366
19 37 371
19 36 318
19 35 330
19 34 351
19 33 701
19 32 220
19 31 332
19 30 633
19 29 711
19 28 879
19 27 985
19 26 945
19 25 551
19 24 410
19 23 461
19 22 290
19 21 461
19 20 512
33 34 734
33 35 732
33 36 720
33 37 669
33 38 625
33 39 679
33 40 642
33 41 704
33 42 1387
33 43 365
33 44 799
33 45 688
33 46 747
33 47 1095
33 48 636
33 49 764
33 50 974
33 51 475
18 51 929
18 50 329
18 49 190
18 48 416
18 47 946
18 46 441
18 45 228
18 44 315
18 43 541
18 42 493
18 41 330
18 40 345
18 39 305
18 38 380
18 37 356
18 36 271
18 35 273
18 34 290
18 33 903
18 32 163
18 31 80
18 30 385
18 29 517
18 28 867
18 27 960
18 26 890
18 25 563
18 24 420
18 23 229
18 22 116
18 21 205
18 20 306
18 19 258
34 35 21
34 36 34
34 37 76
34 38 115
34 39 59
34 40 92
34 41 442
34 42 684
34 43 382
34 44 80
34 45 276
34 46 161
34 47 697
34 48 133
34 49 105
34 50 244
34 51 656
17 51 1197
17 50 544
17 49 462
17 48 687
17 47 1188
17 46 708
17 45 437
17 44 579
17 43 773
17 42 408
17 41 443
17 40 615
17 39 576
17 38 650
17 37 627
17 36 543
17 35 545
17 34 561
17 33 1120
17 32 430
17 31 296
17 30 492
17 29 707
17 28 1136
17 27 1226
17 26 1149
17 25 834
17 24 691
17 23 418
17 22 383
17 21 253
17 20 512
17 19 421
17 18 272
35 36 15
35 37 86
35 38 121
35 39 53
35 40 93
35 41 421
35 42 678
35 43 376
35 44 96
35 45 256
35 46 182
35 47 718
35 48 146
35 49 85
35 50 252
35 51 668
16 51 710
16 50 130
16 49 282
16 48 262
16 47 539
16 46 156
16 45 476
16 44 132
16 43 570
16 42 640
16 41 641
16 40 282
16 39 265
16 38 284
16 37 244
16 36 243
16 35 229
16 34 211
16 33 897
16 32 331
16 31 357
16 30 337
16 29 201
16 28 526
16 27 598
16 26 506
16 25 326
16 24 278
16 23 249
16 22 297
16 21 435
16 20 165
16 19 549
16 18 408
16 17 651
36 37 85
36 38 115
36 39 43
36 40 85
36 41 408
36 42 686
36 43 364
36 44 111
36 45 243
36 46 191
36 47 730
36 48 145
36 49 81
36 50 266
36 51 665
15 51 497
15 50 406
15 49 246
15 48 72
15 47 696
15 46 196
15 45 320
15 44 231
15 43 242
15 42 860
15 41 464
15 40 90
15 39 133
15 38 61
15 37 103
15 36 175
15 35 181
15 34 176
15 33 569
15 32 270
15 31 443
15 30 612
15 29 533
15 28 492
15 27 599
15 26 571
15 25 164
15 24 56
15 23 451
15 22 339
15 21 586
15 20 425
15 19 388
15 18 432
15 17 700
15 16 332
37 38 43
37 39 56
37 40 41
37 41 458
37 42 760
37 43 327
37 44 130
37 45 297
37 46 139
37 47 676
37 48 60
37 49 166
37 50 305
37 51 581
14 51 745
14 50 1000
14 49 1114
14 48 925
14 47 365
14 46 849
14 45 1268
14 44 966
14 43 1125
14 42 1457
14 41 1423
14 40 1004
14 39 1026
14 38 975
14 37 971
14 36 1039
14 35 1031
14 34 1010
14 33 1216
14 32 1161
14 31 1239
14 30 1146
14 29 887
14 28 484
14 27 374
14 26 396
14 25 799
14 24 931
14 23 1127
14 22 1165
14 21 1313
14 20 1035
14 19 1341
14 18 1281
14 17 1534
14 16 884
14 15 962
38 39 76
38 40 35
38 41 449
38 42 799
38 43 286
38 44 173
38 45 294
38 46 164
38 47 691
38 48 49
38 49 191
38 50 348
38 51 551
13 51 540
13 50 885
13 49 959
13 48 756
13 47 324
13 46 696
13 45 1098
13 44 822
13 43 931
13 42 1371
13 41 1248
13 40 836
13 39 863
13 38 804
13 37 807
13 36 881
13 35 874
13 34 854
13 33 1010
13 32 1004
13 31 1104
13 30 1056
13 29 805
13 28 294
13 27 185
13 26 254
13 25 620
13 24 760
13 23 1008
13 22 1020
13 21 1195
13 20 920
13 19 1169
13 18 1137
13 17 1400
13 16 759
13 15 784
13 14 206
39 40 43
39 41 407
39 42 729
39 43 324
39 44 136
39 45 244
39 46 186
39 47 726
39 48 113
39 49 115
39 50 302
39 51 626
12 51 188
12 50 663
12 49 617
12 48 391
12 47 517
12 46 401
12 45 705
12 44 526
12 43 484
12 42 1170
12 41 836
12 40 465
12 39 503
12 38 430
12 37 451
12 36 536
12 35 535
12 34 520
12 33 584
12 32 651
12 31 800
12 30 875
12 29 688
12 28 182
12 27 283
12 26 335
12 25 245
12 24 388
12 23 758
12 22 700
12 21 927
12 20 694
12 19 769
12 18 807
12 17 1078
12 16 538
12 15 388
12 14 653
12 13 452
40 41 421
40 42 771
40 43 293
40 44 162
40 45 263
40 46 179
40 47 714
40 48 81
40 49 157
40 50 334
40 51 585
11 51 285
11 50 1043
11 49 1000
11 48 775
11 47 705
11 46 787
11 45 1068
11 44 913
11 43 789
11 42 1552
11 41 1180
11 40 846
11 39 885
11 38 810
11 37 835
11 36 920
11 35 920
11 34 906
11 33 706
11 32 1031
11 31 1187
11 30 1251
11 29 1042
11 28 418
11 27 417
11 26 541
11 25 631
11 24 770
11 23 1144
11 22 1086
11 21 1314
11 20 1076
11 19 1124
11 18 1190
11 17 1461
11 16 915
11 15 762
11 14 620
11 13 443
11 12 387
41 42 796
41 43 402
41 44 512
41 45 166
41 46 593
41 47 1133
41 48 499
41 49 359
41 50 612
41 51 896
10 51 800
10 50 772
10 49 507
10 48 550
10 47 1185
10 46 670
10 45 329
10 44 632
10 43 308
10 42 1032
10 41 244
10 40 492
10 39 500
10 38 506
10 37 534
10 36 521
10 35 536
10 34 552
10 33 501
10 32 471
10 31 619
10 30 912
10 29 950
10 28 945
10 27 1055
10 26 1050
10 25 639
10 24 538
10 23 735
10 22 560
10 21 751
10 20 770
10 19 291
10 18 548
10 17 686
10 16 764
10 15 490
10 14 1428
10 13 1237
10 12 792
10 11 1083
42 43 1022
42 44 651
42 45 721
42 46 769
42 47 1093
42 48 814
42 49 627
42 50 510
42 51 1329
9 51 883
9 50 815
9 49 551
9 48 618
9 47 1257
9 46 734
9 45 361
9 44 686
9 43 390
9 42 1036
9 41 239
9 40 555
9 39 558
9 38 572
9 37 596
9 36 575
9 35 589
9 34 607
9 33 570
9 32 510
9 31 640
9 30 940
9 29 998
9 28 1024
9 27 1135
9 26 1126
9 25 714
9 24 606
9 23 767
9 22 593
9 21 763
9 20 810
9 19 308
9 18 565
9 17 670
9 16 818
9 15 561
9 14 1507
9 13 1317
9 12 874
9 11 1166
9 10 83
43 44 455
43 45 337
43 46 437
43 47 904
43 48 313
43 49 400
43 50 626
43 51 504
8 51 860
8 50 644
8 49 383
8 48 495
8 47 1136
8 46 599
8 45 187
8 44 530
8 43 359
8 42 856
8 41 64
8 40 422
8 39 414
8 38 446
8 37 461
8 36 422
8 35 435
8 34 455
8 33 645
8 32 339
8 31 457
8 30 759
8 29 831
8 28 941
8 27 1049
8 26 1023
8 25 616
8 24 487
8 23 587
8 22 415
8 21 580
8 20 636
8 19 126
8 18 381
8 17 507
8 16 661
8 15 453
8 14 1414
8 13 1234
8 12 812
8 11 1145
8 10 180
8 9 183
44 45 347
44 46 131
44 47 640
44 48 170
44 49 157
44 50 175
44 51 678
7 51 1405
7 50 585
7 49 702
7 48 890
7 47 1157
7 46 844
7 45 789
7 44 727
7 43 1095
7 42 76
7 41 858
7 40 847
7 39 804
7 38 875
7 37 836
7 36 762
7 35 754
7 34 760
7 33 1460
7 32 701
7 31 512
7 30 386
7 29 637
7 28 1237
7 27 1298
7 26 1190
7 25 1012
7 24 901
7 23 491
7 22 609
7 21 362
7 20 552
7 19 807
7 18 562
7 17 451
7 16 714
7 15 935
7 14 1522
7 13 1440
7 12 1245
7 11 1627
7 10 1096
7 9 1096
7 8 918
45 46 430
45 47 970
45 48 343
45 49 196
45 50 457
45 51 790
6 51 465
6 50 414
6 49 277
6 48 71
6 47 662
6 46 182
6 45 360
6 44 241
6 43 260
6 42 881
6 41 504
6 40 120
6 39 162
6 38 86
6 37 121
6 36 201
6 35 206
6 34 197
6 33 568
6 32 305
6 31 472
6 30 624
6 29 528
6 28 452
6 27 559
6 26 533
6 25 124
6 24 57
6 23 469
6 22 368
6 21 612
6 20 435
6 19 428
6 18 466
6 17 735
6 16 329
6 15 40
6 14 923
6 13 744
6 12 349
6 11 726
6 10 523
6 9 596
6 8 492
6 7 957
46 47 540
46 48 125
46 49 265
46 50 266
46 51 564
5 51 500
5 50 387
5 49 242
5 48 47
5 47 674
5 46 171
5 45 331
5 44 212
5 43 267
5 42 848
5 41 480
5 40 85
5 39 127
5 38 51
5 37 87
5 36 166
5 35 171
5 34 163
5 33 590
5 32 270
5 31 437
5 30 594
5 29 510
5 28 479
5 27 584
5 26 552
5 25 150
5 24 32
5 23 437
5 22 332
5 21 577
5 20 407
5 19 401
5 18 430
5 17 700
5 16 309
5 15 25
5 14 944
5 13 769
5 12 382
5 11 761
5 10 513
5 9 584
5 8 471
5 7 924
5 6 35
47 48 642
47 49 796
47 50 646
47 51 682
4 51 397
4 50 478
4 49 345
4 48 137
4 47 660
4 46 231
4 45 411
4 44 307
4 43 245
4 42 950
4 41 545
4 40 188
4 39 230
4 38 155
4 37 190
4 36 271
4 35 275
4 34 267
4 33 517
4 32 371
4 31 541
4 30 690
4 29 580
4 28 417
4 27 527
4 26 516
4 25 109
4 24 125
4 23 538
4 22 437
4 21 681
4 20 501
4 19 475
4 18 532
4 17 800
4 16 384
4 15 100
4 14 897
4 13 711
4 12 294
4 11 663
4 10 534
4 9 611
4 8 525
4 7 1026
4 6 70
4 5 104
48 49 225
48 50 343
48 51 523
3 51 995
3 50 463
3 49 288
3 48 505
3 47 1072
3 46 553
3 45 220
3 44 434
3 43 557
3 42 550
3 41 247
3 40 427
3 39 392
3 38 462
3 37 447
3 36 368
3 35 374
3 34 394
3 33 903
3 32 245
3 31 209
3 30 504
3 29 651
3 28 970
3 27 1068
3 26 1006
3 25 653
3 24 506
3 23 361
3 22 241
3 21 289
3 20 441
3 19 207
3 18 135
3 17 217
3 16 537
3 15 505
3 14 1400
3 13 1248
3 12 891
3 11 1267
3 10 487
3 9 486
3 8 308
3 7 611
3 6 543
3 5 509
3 4 604
49 50 265
49 51 742
2 51 1422
2 50 596
2 49 728
2 48 910
2 47 1151
2 46 859
2 45 823
2 44 745
2 43 1124
2 42 103
2 41 896
2 40 870
2 39 828
2 38 897
2 37 858
2 36 785
2 35 777
2 34 782
2 33 1489
2 32 730
2 31 541
2 30 390
2 29 635
2 28 1244
2 27 1302
2 26 1192
2 25 1029
2 24 922
2 23 510
2 22 636
2 21 392
2 20 564
2 19 843
2 18 595
2 17 495
2 16 724
2 15 958
2 14 1516
2 13 1440
2 12 1259
2 11 1639
2 10 1133
2 9 1135
2 8 956
2 7 45
2 6 978
2 5 945
2 4 1047
2 3 649
50 51 830
1 51 789
1 50 217
1 49 64
1 48 267
1 47 791
1 46 280
1 45 240
1 44 154
1 43 464
1 42 566
1 41 395
1 40 209
1 39 166
1 38 240
1 37 208
1 36 125
1 35 122
1 34 135
1 33 827
1 32 91
1 31 146
1 30 360
1 29 406
1 28 707
1 27 799
1 26 729
1 25 410
1 24 275
1 23 181
1 22 46
1 21 287
1 20 210
1 19 305
1 18 162
1 17 430
1 16 260
1 15 299
1 14 1121
1 13 975
1 12 655
1 11 1041
1 10 561
1 9 600
1 8 427
1 7 641
1 6 326
1 5 291
1 4 396
1 3 281
1 2 666
27 26 126
28 26 159
29 26 559
30 26 805
31 26 853
32 26 766
33 26 917
34 26 614
35 26 635
36 26 644
37 26 576
38 26 580
39 26 630
40 26 609
41 26 1029
42 26 1120
43 26 756
44 26 575
45 26 872
46 26 454
47 26 186
48 26 531
49 26 719
50 26 631
51 26 496
51 25 393
50 25 439
49 25 373
48 25 148
47 25 551
46 25 173
45 25 481
44 25 286
43 25 354
42 25 936
41 25 628
40 25 226
39 25 261
38 25 191
37 25 207
36 25 292
35 25 290
34 25 275
33 25 606
32 25 409
31 25 556
30 25 654
29 25 509
28 25 329
27 25 435
26 25 412
28 27 110
29 27 674
30 27 912
31 27 931
32 27 823
33 27 862
34 27 674
35 27 694
36 27 700
37 27 624
38 27 620
39 27 680
40 27 653
41 27 1063
42 27 1226
43 27 751
44 27 647
45 27 914
46 27 519
47 27 292
48 27 572
49 27 779
50 27 726
51 27 410
51 24 515
50 24 358
49 24 230
48 24 16
47 24 653
46 24 140
45 24 338
44 24 184
43 24 298
42 24 825
41 24 492
40 24 79
39 24 115
38 24 45
37 24 67
36 24 151
35 24 153
34 24 142
33 24 621
32 24 263
31 24 421
30 24 567
29 24 478
28 24 472
27 24 576
26 24 537
25 24 147
29 28 630
30 28 853
31 28 844
32 28 725
33 28 767
34 28 579
35 28 598
36 28 603
37 28 524
38 28 517
39 28 580
40 28 550
41 28 956
42 28 1163
43 28 641
44 28 559
45 28 809
46 28 429
47 28 344
48 28 470
49 28 683
50 28 656
51 28 337
51 23 914
50 23 127
49 23 244
48 23 401
47 23 774
46 23 357
45 23 407
44 23 236
43 23 641
42 23 415
41 23 545
40 23 366
39 23 326
38 23 390
37 23 349
36 23 283
35 23 273
34 23 275
33 23 1002
32 23 267
31 23 152
30 23 179
29 23 296
28 23 770
27 23 846
26 23 754
25 23 522
24 23 412
30 29 260
31 29 445
32 29 492
33 29 1096
34 29 402
35 29 416
36 29 431
37 29 444
38 29 484
39 29 459
40 29 481
41 29 802
42 29 571
43 29 771
44 29 322
45 29 644
46 29 349
47 29 523
48 29 462
49 29 448
50 29 191
51 29 871
51 22 832
50 22 237
49 22 94
48 22 311
47 22 832
46 22 326
45 22 233
44 22 199
43 22 488
42 22 535
41 22 378
40 22 249
39 22 206
38 22 281
37 22 251
36 22 167
35 22 165
34 22 180
33 22 853
32 22 97
31 22 104
30 22 353
29 22 429
28 22 753
27 22 844
26 22 774
25 22 455
24 22 318
23 22 175
31 30 305
32 30 447
33 30 1173
34 30 439
35 30 441
36 30 453
37 30 509
38 30 552
39 30 494
40 30 532
41 30 713
42 30 315
43 30 816
44 30 383
45 30 583
46 30 481
47 30 782
48 30 553
49 30 423
50 30 215
51 30 1044
51 21 1072
50 21 313
49 21 344
48 21 549
47 21 958
46 21 530
45 21 433
44 21 402
43 21 733
42 21 290
41 21 525
40 21 496
39 21 453
38 21 527
37 21 492
36 21 411
35 21 406
34 21 416
33 21 1098
32 21 340
31 21 150
30 21 242
29 21 459
28 21 952
27 21 1031
26 21 941
25 21 685
24 21 558
23 21 187
22 21 251
32 31 190
33 31 948
34 31 281
35 31 268
36 31 271
37 31 354
38 31 386
39 31 310
40 31 353
41 31 409
42 31 439
43 31 583
44 31 285
45 31 293
46 31 416
47 31 896
48 31 414
49 31 198
50 31 262
51 31 936
51 20 859
50 20 35
49 20 264
48 20 365
47 20 680
46 20 295
45 20 450
44 20 194
43 20 638
42 20 477
41 20 601
40 20 348
39 20 314
38 20 366
37 20 323
36 20 275
35 20 262
34 20 257
33 20 990
32 20 300
31 20 236
30 20 189
29 20 210
28 20 691
27 20 762
26 20 666
25 20 467
24 20 378
23 20 94
22 20 224
21 20 279
33 32 759
34 32 151
35 32 130
36 32 123
37 32 203
38 32 221
39 32 148
40 32 186
41 32 311
42 32 628
43 32 394
44 32 207
45 32 151
46 32 312
47 32 845
48 32 261
49 32 50
50 32 306
51 32 767
51 19 843
50 19 522
49 19 267
48 19 415
47 19 1045
46 19 504
45 19 75
44 19 420
43 19 368
42 19 742
41 19 92
40 19 336
39 19 319
38 19 366
37 19 371
36 19 318
35 19 330
34 19 351
33 19 701
32 19 220
31 19 332
30 19 633
29 19 711
28 19 879
27 19 985
26 19 945
25 19 551
24 19 410
23 19 461
22 19 290
21 19 461
20 19 512
34 33 734
35 33 732
36 33 720
37 33 669
38 33 625
39 33 679
40 33 642
41 33 704
42 33 1387
43 33 365
44 33 799
45 33 688
46 33 747
47 33 1095
48 33 636
49 33 764
50 33 974
51 33 475
51 18 929
50 18 329
49 18 190
48 18 416
47 18 946
46 18 441
45 18 228
44 18 315
43 18 541
42 18 493
41 18 330
40 18 345
39 18 305
38 18 380
37 18 356
36 18 271
35 18 273
34 18 290
33 18 903
32 18 163
31 18 80
30 18 385
29 18 517
28 18 867
27 18 960
26 18 890
25 18 563
24 18 420
23 18 229
22 18 116
21 18 205
20 18 306
19 18 258
35 34 21
36 34 34
37 34 76
38 34 115
39 34 59
40 34 92
41 34 442
42 34 684
43 34 382
44 34 80
45 34 276
46 34 161
47 34 697
48 34 133
49 34 105
50 34 244
51 34 656
51 17 1197
50 17 544
49 17 462
48 17 687
47 17 1188
46 17 708
45 17 437
44 17 579
43 17 773
42 17 408
41 17 443
40 17 615
39 17 576
38 17 650
37 17 627
36 17 543
35 17 545
34 17 561
33 17 1120
32 17 430
31 17 296
30 17 492
29 17 707
28 17 1136
27 17 1226
26 17 1149
25 17 834
24 17 691
23 17 418
22 17 383
21 17 253
20 17 512
19 17 421
18 17 272
36 35 15
37 35 86
38 35 121
39 35 53
40 35 93
41 35 421
42 35 678
43 35 376
44 35 96
45 35 256
46 35 182
47 35 718
48 35 146
49 35 85
50 35 252
51 35 668
51 16 710
50 16 130
49 16 282
48 16 262
47 16 539
46 16 156
45 16 476
44 16 132
43 16 570
42 16 640
41 16 641
40 16 282
39 16 265
38 16 284
37 16 244
36 16 243
35 16 229
34 16 211
33 16 897
32 16 331
31 16 357
30 16 337
29 16 201
28 16 526
27 16 598
26 16 506
25 16 326
24 16 278
23 16 249
22 16 297
21 16 435
20 16 165
19 16 549
18 16 408
17 16 651
37 36 85
38 36 115
39 36 43
40 36 85
41 36 408
42 36 686
43 36 364
44 36 111
45 36 243
46 36 191
47 36 730
48 36 145
49 36 81
50 36 266
51 36 665
51 15 497
50 15 406
49 15 246
48 15 72
47 15 696
46 15 196
45 15 320
44 15 231
43 15 242
42 15 860
41 15 464
40 15 90
39 15 133
38 15 61
37 15 103
36 15 175
35 15 181
34 15 176
33 15 569
32 15 270
31 15 443
30 15 612
29 15 533
28 15 492
27 15 599
26 15 571
25 15 164
24 15 56
23 15 451
22 15 339
21 15 586
20 15 425
19 15 388
18 15 432
17 15 700
16 15 332
38 37 43
39 37 56
40 37 41
41 37 458
42 37 760
43 37 327
44 37 130
45 37 297
46 37 139
47 37 676
48 37 60
49 37 166
50 37 305
51 37 581
51 14 745
50 14 1000
49 14 1114
48 14 925
47 14 365
46 14 849
45 14 1268
44 14 966
43 14 1125
42 14 1457
41 14 1423
40 14 1004
39 14 1026
38 14 975
37 14 971
36 14 1039
35 14 1031
34 14 1010
33 14 1216
32 14 1161
31 14 1239
30 14 1146
29 14 887
28 14 484
27 14 374
26 14 396
25 14 799
24 14 931
23 14 1127
22 14 1165
21 14 1313
20 14 1035
19 14 1341
18 14 1281
17 14 1534
16 14 884
15 14 962
39 38 76
40 38 35
41 38 449
42 38 799
43 38 286
44 38 173
45 38 294
46 38 164
47 38 691
48 38 49
49 38 191
50 38 348
51 38 551
51 13 540
50 13 885
49 13 959
48 13 756
47 13 324
46 13 696
45 13 1098
44 13 822
43 13 931
42 13 1371
41 13 1248
40 13 836
39 13 863
38 13 804
37 13 807
36 13 881
35 13 874
34 13 854
33 13 1010
32 13 1004
31 13 1104
30 13 1056
29 13 805
28 13 294
27 13 185
26 13 254
25 13 620
24 13 760
23 13 1008
22 13 1020
21 13 1195
20 13 920
19 13 1169
18 13 1137
17 13 1400
16 13 759
15 13 784
14 13 206
40 39 43
41 39 407
42 39 729
43 39 324
44 39 136
45 39 244
46 39 186
47 39 726
48 39 113
49 39 115
50 39 302
51 39 626
51 12 188
50 12 663
49 12 617
48 12 391
47 12 517
46 12 401
45 12 705
44 12 526
43 12 484
42 12 1170
41 12 836
40 12 465
39 12 503
38 12 430
37 12 451
36 12 536
35 12 535
34 12 520
33 12 584
32 12 651
31 12 800
30 12 875
29 12 688
28 12 182
27 12 283
26 12 335
25 12 245
24 12 388
23 12 758
22 12 700
21 12 927
20 12 694
19 12 769
18 12 807
17 12 1078
16 12 538
15 12 388
14 12 653
13 12 452
41 40 421
42 40 771
43 40 293
44 40 162
45 40 263
46 40 179
47 40 714
48 40 81
49 40 157
50 40 334
51 40 585
51 11 285
50 11 1043
49 11 1000
48 11 775
47 11 705
46 11 787
45 11 1068
44 11 913
43 11 789
42 11 1552
41 11 1180
40 11 846
39 11 885
38 11 810
37 11 835
36 11 920
35 11 920
34 11 906
33 11 706
32 11 1031
31 11 1187
30 11 1251
29 11 1042
28 11 418
27 11 417
26 11 541
25 11 631
24 11 770
23 11 1144
22 11 1086
21 11 1314
20 11 1076
19 11 1124
18 11 1190
17 11 1461
16 11 915
15 11 762
14 11 620
13 11 443
12 11 387
42 41 796
43 41 402
44 41 512
45 41 166
46 41 593
47 41 1133
48 41 499
49 41 359
50 41 612
51 41 896
51 10 800
50 10 772
49 10 507
48 10 550
47 10 1185
46 10 670
45 10 329
44 10 632
43 10 308
42 10 1032
41 10 244
40 10 492
39 10 500
38 10 506
37 10 534
36 10 521
35 10 536
34 10 552
33 10 501
32 10 471
31 10 619
30 10 912
29 10 950
28 10 945
27 10 1055
26 10 1050
25 10 639
24 10 538
23 10 735
22 10 560
21 10 751
20 10 770
19 10 291
18 10 548
17 10 686
16 10 764
15 10 490
14 10 1428
13 10 1237
12 10 792
11 10 1083
43 42 1022
44 42 651
45 42 721
46 42 769
47 42 1093
48 42 814
49 42 627
50 42 510
51 42 1329
51 9  883
50 9  815
49 9  551
48 9  618
47 9  1257
46 9  734
45 9  361
44 9  686
43 9  390
42 9  1036
41 9  239
40 9  555
39 9  558
38 9  572
37 9  596
36 9  575
35 9  589
34 9  607
33 9  570
32 9  510
31 9  640
30 9  940
29 9  998
28 9  1024
27 9  1135
26 9  1126
25 9  714
24 9  606
23 9  767
22 9  593
21 9  763
20 9  810
19 9  308
18 9  565
17 9  670
16 9  818
15 9  561
14 9  1507
13 9  1317
12 9  874
11 9  1166
10 9  83
44 43 455
45 43 337
46 43 437
47 43 904
48 43 313
49 43 400
50 43 626
51 43 504
51 8  860
50 8  644
49 8  383
48 8  495
47 8  1136
46 8  599
45 8  187
44 8  530
43 8  359
42 8  856
41 8  64
40 8  422
39 8  414
38 8  446
37 8  461
36 8  422
35 8  435
34 8  455
33 8  645
32 8  339
31 8  457
30 8  759
29 8  831
28 8  941
27 8  1049
26 8  1023
25 8  616
24 8  487
23 8  587
22 8  415
21 8  580
20 8  636
19 8  126
18 8  381
17 8  507
16 8  661
15 8  453
14 8  1414
13 8  1234
12 8  812
11 8  1145
10 8  180
9  8  183
45 44 347
46 44 131
47 44 640
48 44 170
49 44 157
50 44 175
51 44 678
51 7  1405
50 7  585
49 7  702
48 7  890
47 7  1157
46 7  844
45 7  789
44 7  727
43 7  1095
42 7  76
41 7  858
40 7  847
39 7  804
38 7  875
37 7  836
36 7  762
35 7  754
34 7  760
33 7  1460
32 7  701
31 7  512
30 7  386
29 7  637
28 7  1237
27 7  1298
26 7  1190
25 7  1012
24 7  901
23 7  491
22 7  609
21 7  362
20 7  552
19 7  807
18 7  562
17 7  451
16 7  714
15 7  935
14 7  1522
13 7  1440
12 7  1245
11 7  1627
10 7  1096
9  7  1096
8  7  918
46 45 430
47 45 970
48 45 343
49 45 196
50 45 457
51 45 790
51 6  465
50 6  414
49 6  277
48 6  71
47 6  662
46 6  182
45 6  360
44 6  241
43 6  260
42 6  881
41 6  504
40 6  120
39 6  162
38 6  86
37 6  121
36 6  201
35 6  206
34 6  197
33 6  568
32 6  305
31 6  472
30 6  624
29 6  528
28 6  452
27 6  559
26 6  533
25 6  124
24 6  57
23 6  469
22 6  368
21 6  612
20 6  435
19 6  428
18 6  466
17 6  735
16 6  329
15 6  40
14 6  923
13 6  744
12 6  349
11 6  726
10 6  523
9  6  596
8  6  492
7  6  957
47 46 540
48 46 125
49 46 265
50 46 266
51 46 564
51 5  500
50 5  387
49 5  242
48 5  47
47 5  674
46 5  171
45 5  331
44 5  212
43 5  267
42 5  848
41 5  480
40 5  85
39 5  127
38 5  51
37 5  87
36 5  166
35 5  171
34 5  163
33 5  590
32 5  270
31 5  437
30 5  594
29 5  510
28 5  479
27 5  584
26 5  552
25 5  150
24 5  32
23 5  437
22 5  332
21 5  577
20 5  407
19 5  401
18 5  430
17 5  700
16 5  309
15 5  25
14 5  944
13 5  769
12 5  382
11 5  761
10 5  513
9  5  584
8  5  471
7  5  924
6  5  35
48 47 642
49 47 796
50 47 646
51 47 682
51 4  397
50 4  478
49 4  345
48 4  137
47 4  660
46 4  231
45 4  411
44 4  307
43 4  245
42 4  950
41 4  545
40 4  188
39 4  230
38 4  155
37 4  190
36 4  271
35 4  275
34 4  267
33 4  517
32 4  371
31 4  541
30 4  690
29 4  580
28 4  417
27 4  527
26 4  516
25 4  109
24 4  125
23 4  538
22 4  437
21 4  681
20 4  501
19 4  475
18 4  532
17 4  800
16 4  384
15 4  100
14 4  897
13 4  711
12 4  294
11 4  663
10 4  534
9  4  611
8  4  525
7  4  1026
6  4  70
5  4  104
49 48 225
50 48 343
51 48 523
51 3  995
50 3  463
49 3  288
48 3  505
47 3  1072
46 3  553
45 3  220
44 3  434
43 3  557
42 3  550
41 3  247
40 3  427
39 3  392
38 3  462
37 3  447
36 3  368
35 3  374
34 3  394
33 3  903
32 3  245
31 3  209
30 3  504
29 3  651
28 3  970
27 3  1068
26 3  1006
25 3  653
24 3  506
23 3  361
22 3  241
21 3  289
20 3  441
19 3  207
18 3  135
17 3  217
16 3  537
15 3  505
14 3  1400
13 3  1248
12 3  891
11 3  1267
10 3  487
9  3  486
8  3  308
7  3  611
6  3  543
5  3  509
4  3  604
50 49 265
51 49 742
51 2  1422
50 2  596
49 2  728
48 2  910
47 2  1151
46 2  859
45 2  823
44 2  745
43 2  1124
42 2  103
41 2  896
40 2  870
39 2  828
38 2  897
37 2  858
36 2  785
35 2  777
34 2  782
33 2  1489
32 2  730
31 2  541
30 2  390
29 2  635
28 2  1244
27 2  1302
26 2  1192
25 2  1029
24 2  922
23 2  510
22 2  636
21 2  392
20 2  564
19 2  843
18 2  595
17 2  495
16 2  724
15 2  958
14 2  1516
13 2  1440
12 2  1259
11 2  1639
10 2  1133
9  2  1135
8  2  956
7  2  45
6  2  978
5  2  945
4  2  1047
3  2  649
51 50 830
51 1  789
50 1  217
49 1  64
48 1  267
47 1  791
46 1  280
45 1  240
44 1  154
43 1  464
42 1  566
41 1  395
40 1  209
39 1  166
38 1  240
37 1  208
36 1  125
35 1  122
34 1  135
33 1  827
32 1  91
31 1  146
30 1  360
29 1  406
28 1  707
27 1  799
26 1  729
25 1  410
24 1  275
23 1  181
22 1  46
21 1  287
20 1  210
19 1  305
18 1  162
17 1  430
16 1  260
15 1  299
14 1  1121
13 1  975
12 1  655
11 1  1041
10 1  561
9  1  600
8  1  427
7  1  641
6  1  326
5  1  291
4  1  396
3  1  281
2  1  666
1
198.5
25
34 14 10.5  
49 32 12
21  6 50
51 26 80
42 38 35
47 11 18.1
15 18 15.4
3  29 20.9
33 40 30 
2  46 5
13 20 5
22 35 2 
10 28 4
19  8 15
16 45 18 
5  43 15
27 39 90.8
4  41 13 
7  12 57
23 31 17 
9  36 13
30 50 40
17 24 65
48 37 10
44 25 43
